,10,20,30,40,50,60,70,80,90,100,110,120,130,140,150,160,170,180,190,200
,15,15,15,15,15,15,15,15,15,15,15,15,15,15,15,15,15,15,15,15
0,0.020938634872436523,0.02839374542236328,0.03959822654724121,0.05973696708679199,0.07224464416503906,0.08265399932861328,0.11798906326293945,0.1707754135131836,0.17815232276916504,0.19736123085021973,0.22012066841125488,0.24245882034301758,0.2657747268676758,0.2848362922668457,0.3079230785369873,0.3170502185821533,0.3348114490509033,0.379260778427124,0.3668479919433594,0.40624070167541504
1,0.02029895782470703,0.027385711669921875,0.04073023796081543,0.055480241775512695,0.08846044540405273,0.08253645896911621,0.12318611145019531,0.16746282577514648,0.17641472816467285,0.20218777656555176,0.21622109413146973,0.23816919326782227,0.25646400451660156,0.28348493576049805,0.3008003234863281,0.31597137451171875,0.3346693515777588,0.3742520809173584,0.3737759590148926,0.4045894145965576
2,0.017469406127929688,0.02793097496032715,0.039955854415893555,0.0549626350402832,0.07024693489074707,0.08226847648620605,0.13982605934143066,0.16753244400024414,0.1816549301147461,0.2014448642730713,0.21667861938476562,0.22835206985473633,0.2549915313720703,0.2821991443634033,0.30205249786376953,0.31499457359313965,0.3435840606689453,0.37497496604919434,0.36798667907714844,0.4023001194000244
3,0.017490625381469727,0.02866339683532715,0.04094076156616211,0.05439162254333496,0.06797003746032715,0.0823826789855957,0.15304017066955566,0.16551733016967773,0.18376612663269043,0.20230555534362793,0.21384048461914062,0.2402942180633545,0.26267385482788086,0.2844867706298828,0.3079226016998291,0.3145925998687744,0.3563957214355469,0.38347315788269043,0.36907434463500977,0.39783191680908203
4,0.01567816734313965,0.02727794647216797,0.04004192352294922,0.054915666580200195,0.07963180541992188,0.08222794532775879,0.15937423706054688,0.1677563190460205,0.1830611228942871,0.20104360580444336,0.21580195426940918,0.24071979522705078,0.2661910057067871,0.2777745723724365,0.29564428329467773,0.31554532051086426,0.3478827476501465,0.34861087799072266,0.3697781562805176,0.40564703941345215
5,0.015091896057128906,0.028369903564453125,0.04157686233520508,0.05791211128234863,0.07953643798828125,0.08239173889160156,0.15593409538269043,0.16760730743408203,0.18015718460083008,0.20226788520812988,0.21733760833740234,0.23437142372131348,0.26525306701660156,0.27785587310791016,0.30730462074279785,0.3254055976867676,0.34598278999328613,0.3801398277282715,0.37468910217285156,0.39525747299194336
6,0.015262126922607422,0.02785968780517578,0.04255843162536621,0.05502939224243164,0.07183003425598145,0.08227205276489258,0.1543729305267334,0.1674799919128418,0.18392014503479004,0.2024853229522705,0.2155017852783203,0.232452392578125,0.2651200294494629,0.2855501174926758,0.29123616218566895,0.324023962020874,0.3472018241882324,0.3793919086456299,0.3676333427429199,0.40154266357421875
7,0.014385461807250977,0.027678489685058594,0.04744291305541992,0.05587124824523926,0.07183003425598145,0.08304977416992188,0.15459489822387695,0.16662812232971191,0.18262505531311035,0.20246028900146484,0.20962214469909668,0.237959623336792,0.25748777389526367,0.2859513759613037,0.2979896068572998,0.3236420154571533,0.3444936275482178,0.37293171882629395,0.38048434257507324,0.4069216251373291
8,0.014774322509765625,0.027553796768188477,0.05151677131652832,0.05494213104248047,0.06949973106384277,0.08122897148132324,0.14665460586547852,0.16471195220947266,0.17682123184204102,0.19866085052490234,0.21150851249694824,0.23534941673278809,0.26578807830810547,0.27585816383361816,0.3065221309661865,0.3245718479156494,0.3473935127258301,0.36746788024902344,0.37757039070129395,0.39304327964782715
9,0.01292562484741211,0.028209924697875977,0.05516695976257324,0.056352853775024414,0.06970334053039551,0.08231353759765625,0.15828895568847656,0.17251992225646973,0.17782068252563477,0.1944432258605957,0.21800923347473145,0.22900032997131348,0.26579952239990234,0.2765467166900635,0.3057856559753418,0.3763914108276367,0.3463630676269531,0.3589639663696289,0.36937952041625977,0.41019272804260254
10,0.012335538864135742,0.0283658504486084,0.04549527168273926,0.05836939811706543,0.06857085227966309,0.0818941593170166,0.1477649211883545,0.1615924835205078,0.1772298812866211,0.20075607299804688,0.22485709190368652,0.23460912704467773,0.2604098320007324,0.2922792434692383,0.30462169647216797,0.3359520435333252,0.3403480052947998,0.3602306842803955,0.38376569747924805,0.39928102493286133
11,0.012787580490112305,0.027936220169067383,0.0411837100982666,0.054342031478881836,0.06983447074890137,0.08185577392578125,0.1475374698638916,0.1588306427001953,0.17834091186523438,0.19809198379516602,0.22530531883239746,0.23582887649536133,0.2589700222015381,0.28298139572143555,0.30462646484375,0.33321499824523926,0.3347663879394531,0.36422109603881836,0.36668944358825684,0.3938264846801758
12,0.012796401977539062,0.03148198127746582,0.04619765281677246,0.05431556701660156,0.07174873352050781,0.0853266716003418,0.1460568904876709,0.16063952445983887,0.1781008243560791,0.1963341236114502,0.22240638732910156,0.23584461212158203,0.26427602767944336,0.28272128105163574,0.30136823654174805,0.3214576244354248,0.3451220989227295,0.35868382453918457,0.3897440433502197,0.3978562355041504
13,0.012519359588623047,0.026888370513916016,0.0406646728515625,0.05429983139038086,0.06881332397460938,0.09052729606628418,0.14765572547912598,0.15691208839416504,0.1843264102935791,0.19294214248657227,0.22236943244934082,0.23740291595458984,0.2645680904388428,0.27813076972961426,0.30002808570861816,0.3218190670013428,0.35220766067504883,0.3560051918029785,0.3993656635284424,0.39334559440612793
14,0.01208806037902832,0.025908470153808594,0.04130673408508301,0.05524134635925293,0.06868505477905273,0.09575319290161133,0.14599037170410156,0.16213631629943848,0.17722105979919434,0.1895911693572998,0.22284746170043945,0.24463605880737305,0.26395702362060547,0.2861671447753906,0.29656171798706055,0.3241465091705322,0.3404271602630615,0.356243371963501,0.3967936038970947,0.39592981338500977
